cpu  106648 82730 22884 907377 1747 0 6832 0 0 0
cpu0 33064 21315 6354 219556 284 0 2863 0 0 0
cpu1 30134 21775 5651 222039 169 0 2060 0 0 0
cpu2 22057 23303 5704 229616 217 0 1062 0 0 0
cpu3 21392 16336 5173 236164 1077 0 846 0 0 0
intr 3783332 8 0 0 0 0 0 0 0 1 82163 0 0 0 0 0 0 0 0 0 0 4013 0 0 113132 0 0 0 0 0 0 0 0 0 0 0 0 0 0 0 0 301 824506 95973 73 73 0 0 0 0 0 0 0 0 0 0 0 0 0 0 7 313 73 73 0 0 0 0 0 0 0 0 0 0 0 0 0 0 31 0 0 293607 719 259 0 0 0 0 0 0 0 0 0 0 0 0 0 0 0 0 0 0 0 0 0 0 0 0 0 0 0 0 0 0 0 0 0 0 0 0 0 0 0 0 0 0 0 0 0 0 0 0 0 0 0 0 0 0 0 0 0 0 0 0 0 0 0 0 0 0 0 0 0 0 0 0 0 0 0 0 0 0 0 0 0 0 0 0 0 0 0 0 0 0 0 0 0 0 0 0 0 0 0 0 0 0 0 0 0 0 0 0 0 0 0 0 0 0 0 0 0 0 0 0 0 0 0 0 0 0 0 0 0 0 0 0 0 0 0 0 0 0 0 0 0 0 0 0 0 0 0 0 0 0 0 0 0 0 0 0 0 0 0 0 0 0 0 0 0 0 0 0 0 0 0 0 0 0 0 0 0 0 0 0 0 0 0 0 0 0 0 0 0 0 0 0 0 0 0 0 0 0 0 0 0 0 0 0 0 0 0 0 0 0 0 0 0 0 0 0 0 0 0 0 0 0 0 0 0 0 0 0 0 0 0 0 0 0 0 0 0 0 0 0 0 0 0 0 0 0 0 0 0 0 0 0 0 0 0 0 0 0 0 0 0 0 0 0 0 0 0 0 0 0 0 0 0 0 0 0 0 0 0 0 0 0 0 0 0 0 0 0 0 0 0 0 0 0 0 0 0 0 0 0 0 0 0 0 0 0 0 0 0 0 0 0 0 0 0 0 0 0 0 0 0 0 0 0 0 0 0 0 0 0 0 0 0 0 0 0 0 0 0 0 0 0 0 0 0 0 0 0 0 0 0 0 0 0 0 0 0 0 0 0 0 0 0 0 0 0 0 0 0 0 0 0 0
ctxt 8519589
btime 1609408436
processes 9567
procs_running 1
procs_blocked 0
softirq 4124887 218507 1280523 12265 17359 346678 0 133589 1172459 0 943507
