cpu  103808 82727 21923 861805 1738 0 6750 0 0 0
cpu0 32224 21314 6112 208287 283 0 2833 0 0 0
cpu1 29401 21774 5416 210721 163 0 2032 0 0 0
cpu2 21440 23302 5458 218130 214 0 1046 0 0 0
cpu3 20742 16336 4936 224666 1076 0 839 0 0 0
intr 3685474 8 0 0 0 0 0 0 0 1 78718 0 0 0 0 0 0 0 0 0 0 4010 0 0 109108 0 0 0 0 0 0 0 0 0 0 0 0 0 0 0 0 200 822535 95938 73 73 0 0 0 0 0 0 0 0 0 0 0 0 0 0 7 313 73 73 0 0 0 0 0 0 0 0 0 0 0 0 0 0 31 0 0 275382 683 253 0 0 0 0 0 0 0 0 0 0 0 0 0 0 0 0 0 0 0 0 0 0 0 0 0 0 0 0 0 0 0 0 0 0 0 0 0 0 0 0 0 0 0 0 0 0 0 0 0 0 0 0 0 0 0 0 0 0 0 0 0 0 0 0 0 0 0 0 0 0 0 0 0 0 0 0 0 0 0 0 0 0 0 0 0 0 0 0 0 0 0 0 0 0 0 0 0 0 0 0 0 0 0 0 0 0 0 0 0 0 0 0 0 0 0 0 0 0 0 0 0 0 0 0 0 0 0 0 0 0 0 0 0 0 0 0 0 0 0 0 0 0 0 0 0 0 0 0 0 0 0 0 0 0 0 0 0 0 0 0 0 0 0 0 0 0 0 0 0 0 0 0 0 0 0 0 0 0 0 0 0 0 0 0 0 0 0 0 0 0 0 0 0 0 0 0 0 0 0 0 0 0 0 0 0 0 0 0 0 0 0 0 0 0 0 0 0 0 0 0 0 0 0 0 0 0 0 0 0 0 0 0 0 0 0 0 0 0 0 0 0 0 0 0 0 0 0 0 0 0 0 0 0 0 0 0 0 0 0 0 0 0 0 0 0 0 0 0 0 0 0 0 0 0 0 0 0 0 0 0 0 0 0 0 0 0 0 0 0 0 0 0 0 0 0 0 0 0 0 0 0 0 0 0 0 0 0 0 0 0 0 0 0 0 0 0 0 0 0 0 0 0 0 0 0 0 0 0 0 0 0 0 0 0 0 0 0 0 0 0 0 0 0 0 0 0 0 0 0 0 0 0 0 0 0 0 0 0 0 0 0 0 0 0 0 0 0 0 0 0 0 0 0
ctxt 8253873
btime 1609408436
processes 7248
procs_running 2
procs_blocked 0
softirq 3996446 204476 1242198 12265 17071 345674 0 127626 1132881 0 914255
