	cpu  107199 82730 23073 918936 1748 0 6862 0 0 0
cpu0 33203 21315 6410 222446 284 0 2872 0 0 0
cpu1 30271 21775 5698 224923 169 0 2072 0 0 0
cpu2 22205 23303 5751 232496 217 0 1067 0 0 0
cpu3 21518 16336 5213 239070 1078 0 851 0 0 0
intr 3806213 8 0 0 0 0 0 0 0 1 82836 0 0 0 0 0 0 0 0 0 0 4015 0 0 114198 0 0 0 0 0 0 0 0 0 0 0 0 0 0 0 0 328 824579 95982 73 73 0 0 0 0 0 0 0 0 0 0 0 0 0 0 7 313 73 73 0 0 0 0 0 0 0 0 0 0 0 0 0 0 31 0 0 298497 719 259 0 0 0 0 0 0 0 0 0 0 0 0 0 0 0 0 0 0 0 0 0 0 0 0 0 0 0 0 0 0 0 0 0 0 0 0 0 0 0 0 0 0 0 0 0 0 0 0 0 0 0 0 0 0 0 0 0 0 0 0 0 0 0 0 0 0 0 0 0 0 0 0 0 0 0 0 0 0 0 0 0 0 0 0 0 0 0 0 0 0 0 0 0 0 0 0 0 0 0 0 0 0 0 0 0 0 0 0 0 0 0 0 0 0 0 0 0 0 0 0 0 0 0 0 0 0 0 0 0 0 0 0 0 0 0 0 0 0 0 0 0 0 0 0 0 0 0 0 0 0 0 0 0 0 0 0 0 0 0 0 0 0 0 0 0 0 0 0 0 0 0 0 0 0 0 0 0 0 0 0 0 0 0 0 0 0 0 0 0 0 0 0 0 0 0 0 0 0 0 0 0 0 0 0 0 0 0 0 0 0 0 0 0 0 0 0 0 0 0 0 0 0 0 0 0 0 0 0 0 0 0 0 0 0 0 0 0 0 0 0 0 0 0 0 0 0 0 0 0 0 0 0 0 0 0 0 0 0 0 0 0 0 0 0 0 0 0 0 0 0 0 0 0 0 0 0 0 0 0 0 0 0 0 0 0 0 0 0 0 0 0 0 0 0 0 0 0 0 0 0 0 0 0 0 0 0 0 0 0 0 0 0 0 0 0 0 0 0 0 0 0 0 0 0 0 0 0 0 0 0 0 0 0 0 0 0 0 0 0 0 0 0 0 0 0 0 0 0 0 0 0 0 0 0 0 0 0 0 0 0 0 0 0 0 0 0 0 0 0 0 0 0 0
ctxt 8590007
btime 1609408436
processes 9583
procs_running 1
procs_blocked 0
softirq 4156255 222303 1289918 12265 17359 346725 0 135108 1182768 0 949809
